35,35
10,11
10,78
10,22
10,186
10,235
10,276
10,125
10,103
10,2
10,3
11,8
9,7
9,1
9,5
9,2
9,3
8,5
8,10
8,7
8,8
31,3
31,2
31,1
31,0
30,3
30,2
30,1
30,0
29,3
29,2
29,1
29,0
28,3
28,2
28,1
28,0
26,3
26,1
25,3
25,1
24,3
24,1
20,3
20,2
20,1
19,3
19,2
19,1
18,3
18,1
14,3
14,1
13,3
13,1
12,3
12,2
12,1
11,27
11,26
11,25
11,23
11,21
11,17
11,16
11,15
11,14
11,13
11,12
11,11
11,10
11,7
11,6
11,5
11,4
11,3
11,2
11,1
10,298
10,286
10,282
10,270
10,263
10,225
10,215
10,212
10,198
10,182
10,164
10,160
10,148
